1.753480834960937500e+02 2.330773193359375000e+03 2.797391357421875000e+03 1.826303466796875000e+03
3.537014465332031250e+02 1.105937011718750000e+03 3.446888427734375000e+03 6.613120727539062500e+02
3.850419006347656250e+02 2.262005126953125000e+03 4.443407287597656250e+02 2.012798217773437500e+03
4.112314758300781250e+02 1.613491699218750000e+03 2.057125701904296875e+02 5.822448120117187500e+02
4.119916076660156250e+02 1.335880737304687500e+03 2.057125701904296875e+02 5.822448120117187500e+02
4.138194580078125000e+02 5.472189941406250000e+02 4.700780334472656250e+02 7.372749633789062500e+02
4.138194580078125000e+02 5.472189941406250000e+02 4.700780334472656250e+02 7.372749633789062500e+02
4.140906982421875000e+02 5.402476196289062500e+02 4.700780334472656250e+02 7.372749633789062500e+02
4.140906982421875000e+02 5.402476196289062500e+02 4.700780334472656250e+02 7.372749633789062500e+02
4.226685180664062500e+02 1.269305541992187500e+03 3.537890869140625000e+03 1.852074218750000000e+03
4.230406188964843750e+02 1.387669311523437500e+03 1.341516845703125000e+03 1.278968750000000000e+03
4.292309875488281250e+02 5.725631713867187500e+02 6.858944091796875000e+02 2.126002685546875000e+03
4.753351745605468750e+02 2.954324462890625000e+03 3.940578369140625000e+03 2.363031738281250000e+03
6.851719970703125000e+02 1.102887573242187500e+03 1.739817871093750000e+03 1.742238281250000000e+03
6.854107055664062500e+02 1.271642700195312500e+03 3.077070312500000000e+03 1.677835815429687500e+03
6.856750488281250000e+02 1.312150390625000000e+03 1.739817871093750000e+03 1.742238281250000000e+03
6.870894775390625000e+02 1.567568725585937500e+03 3.077070312500000000e+03 1.677835815429687500e+03
6.870894775390625000e+02 1.567568725585937500e+03 3.077070312500000000e+03 1.677835815429687500e+03
6.872155151367187500e+02 1.634447998046875000e+03 3.077070312500000000e+03 1.677835815429687500e+03
6.872155151367187500e+02 1.634447998046875000e+03 3.077070312500000000e+03 1.677835815429687500e+03
7.171744384765625000e+02 2.095492431640625000e+03 4.791832733154296875e+01 2.091882812500000000e+03
7.196652832031250000e+02 2.125726806640625000e+03 4.630159378051757812e+01 2.123554199218750000e+03
9.297224121093750000e+02 8.908146972656250000e+02 4.013563537597656250e+02 7.278296508789062500e+02
9.321295776367187500e+02 8.967055664062500000e+02 2.151584228515625000e+03 1.717943725585937500e+03
9.367635498046875000e+02 1.361673461914062500e+03 4.077080078125000000e+02 1.264177246093750000e+03
9.373995361328125000e+02 1.486832275390625000e+03 4.058983154296875000e+02 1.404708007812500000e+03
9.373995361328125000e+02 1.486832275390625000e+03 4.058983154296875000e+02 1.404708007812500000e+03
9.413868408203125000e+02 1.419347778320312500e+03 4.097625427246093750e+02 1.330317626953125000e+03
9.413868408203125000e+02 1.419347778320312500e+03 4.097625427246093750e+02 1.330317626953125000e+03
9.427092285156250000e+02 2.013151977539062500e+03 4.092615051269531250e+02 2.001149902343750000e+03
1.001492797851562500e+03 6.471436157226562500e+02 4.958601989746093750e+02 4.744536132812500000e+02
1.037563110351562500e+03 1.896902587890625000e+03 5.322268676757812500e+02 1.874609497070312500e+03
1.045321899414062500e+03 2.005719604492187500e+03 3.858586425781250000e+03 1.678730102539062500e+03
1.046296508789062500e+03 1.929142456054687500e+03 5.414337158203125000e+02 1.910422363281250000e+03
1.110602172851562500e+03 1.734543701171875000e+03 6.341135864257812500e+02 1.694628540039062500e+03
1.111863647460937500e+03 1.919925048828125000e+03 6.288377075195312500e+02 1.909738403320312500e+03
1.116803222656250000e+03 2.043813354492187500e+03 7.449286499023437500e+02 1.939560180664062500e+03
1.132448486328125000e+03 1.747455566406250000e+03 6.593586425781250000e+02 1.708206787109375000e+03
1.133562500000000000e+03 1.449586914062500000e+03 6.865151367187500000e+02 1.372184204101562500e+03
1.172901367187500000e+03 6.502450561523437500e+02 6.549194946289062500e+02 4.528532104492187500e+02
1.175342163085937500e+03 1.945413452148437500e+03 7.430007934570312500e+02 1.934583984375000000e+03
1.175899536132812500e+03 1.634551635742187500e+03 2.195346191406250000e+03 1.285089721679687500e+03
1.181560424804687500e+03 6.637924804687500000e+02 6.639531860351562500e+02 4.676582336425781250e+02
1.181576660156250000e+03 6.509832763671875000e+02 6.646813964843750000e+02 4.537395629882812500e+02
1.185116821289062500e+03 6.554714965820312500e+02 6.689884643554687500e+02 4.579360046386718750e+02
1.187193359375000000e+03 1.735879882812500000e+03 7.593934326171875000e+02 1.695201660156250000e+03
1.188776733398437500e+03 6.602672729492187500e+02 6.729848632812500000e+02 4.641061706542968750e+02
1.189909912109375000e+03 1.903527221679687500e+03 7.600778808593750000e+02 1.884136596679687500e+03
1.194067871093750000e+03 1.630821411132812500e+03 7.702211303710937500e+02 1.579959838867187500e+03
1.197347290039062500e+03 1.637566650390625000e+03 7.723347167968750000e+02 1.585685424804687500e+03
1.270212646484375000e+03 1.372869506835937500e+03 1.008857910156250000e+03 1.626042358398437500e+03
1.270225463867187500e+03 1.366789184570312500e+03 1.008857910156250000e+03 1.626042358398437500e+03
1.298254150390625000e+03 1.177733642578125000e+03 9.497503051757812500e+02 1.069131103515625000e+03
1.299563354492187500e+03 1.295996459960937500e+03 9.377783203125000000e+02 1.216100585937500000e+03
1.315782348632812500e+03 1.930501831054687500e+03 9.628536987304687500e+02 1.918338623046875000e+03
1.327438476562500000e+03 1.640971801757812500e+03 9.801664428710937500e+02 1.590179809570312500e+03
1.336306030273437500e+03 1.275082885742187500e+03 2.286439941406250000e+03 1.261729492187500000e+03
1.349591064453125000e+03 1.015558349609375000e+03 2.572993408203125000e+03 2.501616699218750000e+03
1.364687011718750000e+03 1.443046386718750000e+03 1.018295043945312500e+03 1.371814575195312500e+03
1.368962890625000000e+03 6.534559326171875000e+02 1.375965087890625000e+03 9.164882202148437500e+02
1.372838623046875000e+03 1.420647949218750000e+03 1.030938598632812500e+03 1.338349975585937500e+03
1.376217529296875000e+03 1.096987915039062500e+03 1.060140747070312500e+03 9.798612670898437500e+02
1.384496704101562500e+03 1.455371337890625000e+03 1.041344970703125000e+03 1.387091186523437500e+03
1.388623168945312500e+03 1.425656982421875000e+03 1.045683837890625000e+03 1.353933715820312500e+03
1.400779296875000000e+03 1.612757934570312500e+03 1.048136718750000000e+03 1.558992553710937500e+03
1.432024047851562500e+03 1.548739013671875000e+03 1.091770263671875000e+03 1.486464233398437500e+03
1.435087280273437500e+03 1.467168823242187500e+03 1.100084594726562500e+03 1.404438720703125000e+03
1.439814697265625000e+03 2.838083740234375000e+03 1.318553344726562500e+03 1.702268676757812500e+03
1.449476196289062500e+03 2.423296386718750000e+03 5.938895263671875000e+02 2.457322509765625000e+03
1.459437133789062500e+03 1.621876220703125000e+03 3.859559570312500000e+03 1.740097778320312500e+03
1.463599975585937500e+03 1.958477050781250000e+03 1.072193359375000000e+03 1.949911499023437500e+03
1.463784057617187500e+03 2.376555175781250000e+03 3.633034912109375000e+03 1.607331298828125000e+03
1.464182861328125000e+03 1.871874633789062500e+03 3.581050292968750000e+03 1.818628417968750000e+03
1.464205566406250000e+03 1.452280151367187500e+03 2.754013916015625000e+03 2.240924804687500000e+03
1.464597656250000000e+03 1.644207153320312500e+03 3.753606689453125000e+03 1.606279296875000000e+03
1.466207275390625000e+03 1.952948120117187500e+03 1.072193359375000000e+03 1.949911499023437500e+03
1.478709106445312500e+03 1.973889648437500000e+03 1.087766967773437500e+03 1.968539184570312500e+03
1.485174194335937500e+03 2.311043212890625000e+03 2.653993896484375000e+03 2.235162109375000000e+03
1.487111206054687500e+03 2.265156005859375000e+03 6.270149536132812500e+02 2.271398925781250000e+03
1.492088989257812500e+03 1.934968383789062500e+03 1.103280761718750000e+03 1.927358398437500000e+03
1.496583007812500000e+03 1.274456787109375000e+03 1.248983032226562500e+03 1.206164062500000000e+03
1.496583007812500000e+03 1.274456787109375000e+03 1.248983032226562500e+03 1.206164062500000000e+03
1.501679077148437500e+03 2.212928710937500000e+03 6.554978027343750000e+02 2.215386474609375000e+03
1.524656738281250000e+03 2.221793945312500000e+03 6.747639770507812500e+02 2.222197753906250000e+03
1.529621948242187500e+03 2.113005859375000000e+03 6.869013061523437500e+02 2.103270507812500000e+03
1.531436279296875000e+03 2.098846923828125000e+03 3.246878173828125000e+03 8.493482055664062500e+02
1.535906860351562500e+03 2.145130126953125000e+03 6.913331909179687500e+02 2.139464355468750000e+03
1.536964721679687500e+03 2.109879150390625000e+03 6.946729125976562500e+02 2.099994140625000000e+03
1.538419433593750000e+03 2.228585937500000000e+03 6.854731445312500000e+02 2.230323974609375000e+03
1.541136352539062500e+03 2.139665283203125000e+03 6.973697509765625000e+02 2.133842773437500000e+03
1.541136352539062500e+03 2.139665283203125000e+03 6.973697509765625000e+02 2.133842773437500000e+03
1.546664794921875000e+03 2.134717773437500000e+03 7.042724609375000000e+02 2.127629638671875000e+03
1.552795898437500000e+03 2.120489746093750000e+03 7.135940551757812500e+02 2.111799804687500000e+03
1.558560180664062500e+03 2.115599853515625000e+03 7.209210205078125000e+02 2.106694335937500000e+03
1.558747314453125000e+03 2.136310791015625000e+03 7.213436889648437500e+02 2.130093505859375000e+03
1.562740600585937500e+03 2.146153320312500000e+03 7.283659057617187500e+02 2.140918701171875000e+03
1.577014404296875000e+03 1.227519287109375000e+03 1.354161376953125000e+03 1.146474121093750000e+03
1.632774047851562500e+03 2.411374511718750000e+03 8.073323974609375000e+02 2.435603515625000000e+03
1.671097900390625000e+03 1.775588256835937500e+03 3.929299621582031250e+02 2.002121704101562500e+03
1.714993286132812500e+03 1.600458374023437500e+03 1.514065673828125000e+03 1.562944824218750000e+03
1.734118530273437500e+03 1.490057983398437500e+03 1.538304199218750000e+03 1.440242797851562500e+03
1.734118530273437500e+03 1.490057983398437500e+03 1.538304199218750000e+03 1.440242797851562500e+03
1.803270263671875000e+03 1.476969482421875000e+03 1.615910522460937500e+03 1.426672607421875000e+03
1.803650268554687500e+03 1.467815185546875000e+03 1.616222290039062500e+03 1.417057617187500000e+03
1.803977416992187500e+03 1.265892211914062500e+03 1.618983154296875000e+03 1.190595092773437500e+03
1.806097900390625000e+03 1.252994873046875000e+03 1.621418823242187500e+03 1.175806274414062500e+03
1.809053466796875000e+03 1.493461669921875000e+03 1.622240112304687500e+03 1.444749633789062500e+03
1.816555297851562500e+03 1.464296752929687500e+03 1.628644531250000000e+03 1.414041992187500000e+03
1.823510131835937500e+03 1.267596313476562500e+03 1.640564941406250000e+03 1.193374023437500000e+03
1.826617919921875000e+03 1.499000610351562500e+03 1.640824707031250000e+03 1.451500000000000000e+03
1.833221313476562500e+03 1.254821044921875000e+03 1.652377563476562500e+03 1.178068847656250000e+03
1.843523315429687500e+03 1.288413208007812500e+03 1.661854492187500000e+03 1.217265258789062500e+03
1.852637695312500000e+03 3.987511291503906250e+02 1.302530151367187500e+03 1.698750457763671875e+02
1.855399536132812500e+03 3.675332946777343750e+02 1.302140136718750000e+03 1.329890899658203125e+02
1.855399536132812500e+03 3.675332946777343750e+02 1.302140136718750000e+03 1.329890899658203125e+02
1.864993041992187500e+03 3.888671569824218750e+02 1.315858764648437500e+03 1.577604064941406250e+02
1.917819824218750000e+03 1.591941040039062500e+03 1.741453857421875000e+03 1.557373657226562500e+03
1.919580200195312500e+03 1.390505371093750000e+03 1.748231323242187500e+03 1.333420166015625000e+03
2.002040893554687500e+03 1.590894287109375000e+03 1.843835571289062500e+03 1.559135253906250000e+03
2.007116333007812500e+03 1.779493774414062500e+03 1.836197265625000000e+03 1.766260009765625000e+03
2.035498901367187500e+03 1.516076904296875000e+03 1.906041259765625000e+03 1.477216430664062500e+03
2.055540527343750000e+03 1.798388183593750000e+03 1.898961669921875000e+03 1.782066040039062500e+03
2.069941650390625000e+03 1.772450073242187500e+03 1.916902343750000000e+03 1.759858276367187500e+03
2.071830078125000000e+03 1.712490478515625000e+03 2.923130371093750000e+03 1.956434570312500000e+03
2.082555664062500000e+03 1.651998901367187500e+03 1.940790649414062500e+03 1.624119384765625000e+03
2.108689453125000000e+03 1.660365234375000000e+03 1.977769653320312500e+03 1.637672729492187500e+03
2.111771240234375000e+03 1.517967773437500000e+03 2.686661621093750000e+03 1.786034790039062500e+03
2.113281982421875000e+03 1.278633911132812500e+03 1.972318725585937500e+03 1.218259887695312500e+03
2.113430664062500000e+03 1.515274658203125000e+03 1.987789916992187500e+03 1.477184692382812500e+03
2.113430664062500000e+03 1.515274658203125000e+03 1.987789916992187500e+03 1.477184692382812500e+03
2.126630859375000000e+03 1.702130737304687500e+03 1.997390502929687500e+03 1.686494873046875000e+03
2.128807128906250000e+03 2.734004150390625000e+03 1.099204223632812500e+03 2.815601074218750000e+03
2.142170410156250000e+03 1.208029541015625000e+03 1.997110229492187500e+03 1.133524536132812500e+03
2.147606933593750000e+03 1.787268676757812500e+03 2.017298461914062500e+03 1.774304565429687500e+03
2.176162597656250000e+03 1.200586669921875000e+03 2.034339721679687500e+03 1.125461791992187500e+03
2.176162597656250000e+03 1.200586669921875000e+03 2.034339721679687500e+03 1.125461791992187500e+03
2.195749755859375000e+03 1.734770629882812500e+03 2.669498046875000000e+03 2.547834960937500000e+03
2.197852294921875000e+03 1.195925415039062500e+03 2.063659423828125000e+03 1.123632446289062500e+03
2.210685058593750000e+03 1.698371337890625000e+03 2.105389648437500000e+03 1.683813964843750000e+03
2.217225097656250000e+03 1.201550048828125000e+03 2.081774169921875000e+03 1.126815063476562500e+03
2.230594970703125000e+03 1.731517089843750000e+03 2.669498046875000000e+03 2.547834960937500000e+03
2.248188720703125000e+03 1.153016479492187500e+03 2.106990478515625000e+03 1.074598388671875000e+03
2.264667480468750000e+03 1.241358276367187500e+03 2.637460205078125000e+03 2.335095458984375000e+03
2.266779541015625000e+03 1.499963012695312500e+03 2.186385742187500000e+03 1.464743408203125000e+03
2.267553466796875000e+03 1.512811035156250000e+03 2.186730957031250000e+03 1.479395507812500000e+03
2.271361083984375000e+03 1.519337768554687500e+03 2.190552246093750000e+03 1.485776855468750000e+03
2.274448730468750000e+03 1.471103149414062500e+03 2.195499511718750000e+03 1.432528442382812500e+03
2.274771728515625000e+03 1.497671508789062500e+03 2.194958984375000000e+03 1.462044555664062500e+03
2.279064697265625000e+03 1.181166137695312500e+03 2.153049072265625000e+03 1.104871704101562500e+03
2.281843994140625000e+03 1.490175659179687500e+03 2.201950683593750000e+03 1.453985839843750000e+03
2.283184814453125000e+03 1.498926513671875000e+03 2.203523681640625000e+03 1.463182128906250000e+03
2.283778808593750000e+03 1.404990356445312500e+03 2.205727294921875000e+03 1.358192016601562500e+03
2.285145019531250000e+03 1.426022949218750000e+03 2.204785156250000000e+03 1.382179931640625000e+03
2.286675537109375000e+03 1.444819335937500000e+03 2.207346191406250000e+03 1.403600219726562500e+03
2.291066894531250000e+03 1.439133544921875000e+03 2.212293701171875000e+03 1.396790161132812500e+03
2.314355468750000000e+03 1.677552856445312500e+03 1.824439086914062500e+03 1.542887817382812500e+03
2.395340576171875000e+03 1.311078613281250000e+03 2.278343750000000000e+03 1.252147583007812500e+03
2.398033935546875000e+03 1.382828247070312500e+03 2.278343750000000000e+03 1.252147583007812500e+03
2.402927001953125000e+03 1.319730712890625000e+03 2.286439941406250000e+03 1.261729492187500000e+03
2.405015869140625000e+03 1.376621582031250000e+03 2.285936279296875000e+03 1.327335937500000000e+03
2.405015869140625000e+03 1.376621582031250000e+03 2.285936279296875000e+03 1.327335937500000000e+03
2.408535644531250000e+03 1.520174316406250000e+03 2.290654785156250000e+03 1.485105468750000000e+03
2.419877929687500000e+03 1.338609375000000000e+03 2.305237060546875000e+03 1.284205078125000000e+03
2.420114257812500000e+03 1.360026855468750000e+03 2.962253906250000000e+03 1.595617187500000000e+03
2.424466064453125000e+03 9.978562011718750000e+02 2.414400878906250000e+03 1.628691406250000000e+03
2.426396240234375000e+03 1.486263183593750000e+03 2.310050537109375000e+03 1.452932861328125000e+03
2.430894287109375000e+03 1.316544555664062500e+03 2.317922363281250000e+03 1.259416625976562500e+03
2.431310302734375000e+03 1.337730224609375000e+03 2.317752441406250000e+03 1.282689819335937500e+03
2.431310302734375000e+03 1.337730224609375000e+03 2.317752441406250000e+03 1.282689819335937500e+03
2.431656982421875000e+03 1.355775390625000000e+03 2.318168457031250000e+03 1.305225463867187500e+03
2.433277343750000000e+03 1.351966674804687500e+03 2.319871826171875000e+03 1.298142944335937500e+03
2.433436035156250000e+03 1.682219116210937500e+03 2.280904296875000000e+03 1.676504882812500000e+03
2.434807373046875000e+03 1.329811523437500000e+03 2.322930908203125000e+03 1.274423828125000000e+03
2.441690185546875000e+03 1.314756469726562500e+03 2.330717285156250000e+03 1.258335815429687500e+03
2.442564208984375000e+03 1.337922729492187500e+03 2.330578857421875000e+03 1.284130126953125000e+03
2.458613769531250000e+03 1.368746215820312500e+03 2.346771484375000000e+03 1.318031982421875000e+03
2.459034179687500000e+03 1.317539672851562500e+03 2.349295166015625000e+03 1.261156250000000000e+03
2.459495849609375000e+03 1.356923217773437500e+03 2.349319335937500000e+03 1.305258422851562500e+03
2.462327392578125000e+03 1.850078369140625000e+03 2.268331787109375000e+03 1.851332763671875000e+03
2.466940673828125000e+03 1.370939331054687500e+03 2.357213134765625000e+03 1.321945800781250000e+03
2.487648193359375000e+03 5.631438598632812500e+02 3.927607177734375000e+03 8.899223632812500000e+02
2.503867431640625000e+03 5.626489868164062500e+02 3.927607177734375000e+03 8.899223632812500000e+02
2.520349853515625000e+03 5.623690185546875000e+02 3.927607177734375000e+03 8.899223632812500000e+02
2.535788818359375000e+03 5.765121459960937500e+02 3.937774902343750000e+03 8.999792480468750000e+02
2.536108398437500000e+03 5.621272583007812500e+02 3.927607177734375000e+03 8.899223632812500000e+02
2.551412353515625000e+03 1.717823974609375000e+03 2.366507324218750000e+03 1.700673095703125000e+03
2.565201171875000000e+03 2.975656005859375000e+03 3.248381347656250000e+03 1.146465087890625000e+03
2.583793212890625000e+03 1.716926391601562500e+03 2.392286376953125000e+03 1.702781494140625000e+03
2.619538574218750000e+03 1.634600463867187500e+03 2.451533691406250000e+03 1.609001953125000000e+03
2.620814941406250000e+03 1.633413940429687500e+03 2.451533691406250000e+03 1.609001953125000000e+03
2.628798339843750000e+03 5.681548461914062500e+02 3.892405029296875000e+03 8.974346923828125000e+02
2.633156982421875000e+03 5.729912719726562500e+02 3.937774902343750000e+03 8.999792480468750000e+02
2.639881103515625000e+03 1.684400512695312500e+03 2.477991455078125000e+03 1.670277709960937500e+03
2.652245361328125000e+03 1.671964111328125000e+03 2.497040283203125000e+03 1.652237792968750000e+03
2.653666748046875000e+03 5.607133789062500000e+02 5.433178100585937500e+02 1.898948364257812500e+03
2.655062255859375000e+03 1.834848388671875000e+03 2.520988769531250000e+03 1.860797363281250000e+03
2.666046630859375000e+03 5.640630493164062500e+02 2.220082519531250000e+03 9.000424194335937500e+02
2.692218750000000000e+03 1.095357910156250000e+03 2.949643310546875000e+03 1.696584716796875000e+03
2.747158447265625000e+03 5.700236816406250000e+02 3.937774902343750000e+03 8.999792480468750000e+02
2.754812011718750000e+03 2.921373535156250000e+03 3.653027343750000000e+03 2.354942382812500000e+03
2.769341796875000000e+03 2.030781494140625000e+03 2.727770263671875000e+03 2.056949462890625000e+03
2.789417480468750000e+03 1.555063720703125000e+03 3.516430175781250000e+03 1.764769653320312500e+03
2.797236328125000000e+03 1.858766601562500000e+03 8.823842163085937500e+02 1.248832641601562500e+03
2.797459472656250000e+03 1.549423706054687500e+03 2.312472900390625000e+03 1.519478027343750000e+03
2.837983642578125000e+03 1.547617187500000000e+03 2.651160888671875000e+03 2.349911865234375000e+03
2.860830322265625000e+03 1.736993774414062500e+03 2.764768798828125000e+03 2.347873779296875000e+03
2.863801757812500000e+03 1.640407592773437500e+03 3.556841064453125000e+03 1.648408935546875000e+03
2.877683349609375000e+03 9.607329101562500000e+02 2.743074462890625000e+03 8.554396972656250000e+02
2.877683349609375000e+03 9.607329101562500000e+02 2.743074462890625000e+03 8.554396972656250000e+02
2.879622314453125000e+03 1.714847412109375000e+03 2.735189453125000000e+03 1.708593383789062500e+03
2.886653320312500000e+03 1.919824951171875000e+03 2.736736083984375000e+03 1.935990112304687500e+03
2.890284179687500000e+03 1.709938720703125000e+03 2.747303710937500000e+03 1.703483886718750000e+03
2.894931152343750000e+03 1.723722778320312500e+03 2.750328125000000000e+03 1.719270874023437500e+03
2.894931152343750000e+03 1.723722778320312500e+03 2.750328125000000000e+03 1.719270874023437500e+03
2.906521972656250000e+03 1.947585449218750000e+03 2.627250244140625000e+03 1.958438842773437500e+03
2.939264648437500000e+03 1.729958496093750000e+03 2.437899414062500000e+03 1.793541625976562500e+03
2.957024414062500000e+03 1.551406738281250000e+03 3.433755859375000000e+03 1.532209716796875000e+03
2.979432861328125000e+03 1.729484008789062500e+03 3.979038574218750000e+03 1.848808349609375000e+03
3.045556152343750000e+03 1.837944824218750000e+03 2.294641845703125000e+03 1.865781982421875000e+03
3.048619873046875000e+03 1.548678466796875000e+03 2.730721679687500000e+03 1.857438110351562500e+03
3.066254150390625000e+03 1.642873168945312500e+03 2.890438232421875000e+03 1.778979003906250000e+03
3.070983642578125000e+03 1.215768188476562500e+03 3.047523193359375000e+03 1.155096191406250000e+03
3.090245117187500000e+03 1.449802734375000000e+03 3.060113037109375000e+03 1.420755004882812500e+03
3.093693603515625000e+03 1.898268066406250000e+03 2.921714843750000000e+03 1.916167480468750000e+03
3.106108398437500000e+03 1.192677368164062500e+03 3.090781250000000000e+03 1.128542846679687500e+03
3.109698242187500000e+03 1.443409301757812500e+03 3.080995117187500000e+03 1.411298828125000000e+03
3.109698242187500000e+03 1.443409301757812500e+03 3.080995117187500000e+03 1.411298828125000000e+03
3.111585937500000000e+03 1.541483520507812500e+03 3.186071777343750000e+03 1.164277099609375000e+03
3.114684570312500000e+03 1.104484497070312500e+03 2.669025146484375000e+03 8.707102661132812500e+02
3.118034423828125000e+03 1.434577392578125000e+03 3.090704833984375000e+03 1.401997680664062500e+03
3.137296142578125000e+03 1.294366333007812500e+03 3.118291259765625000e+03 1.243363159179687500e+03
3.137888183593750000e+03 1.445828735351562500e+03 3.113576904296875000e+03 1.415014526367187500e+03
3.143944091796875000e+03 1.460736694335937500e+03 3.120213378906250000e+03 1.432616210937500000e+03
3.145315673828125000e+03 1.927657958984375000e+03 2.969168212890625000e+03 1.950236694335937500e+03
3.153897216796875000e+03 1.886528930664062500e+03 2.022032470703125000e+03 1.124700317382812500e+03
3.154476562500000000e+03 1.264596801757812500e+03 3.327137939453125000e+03 1.765737426757812500e+03
3.154476562500000000e+03 1.264596801757812500e+03 3.146055908203125000e+03 1.209355590820312500e+03
3.159170410156250000e+03 1.901688964843750000e+03 2.936722412109375000e+03 1.784378295898437500e+03
3.160559570312500000e+03 1.763084228515625000e+03 3.126459960937500000e+03 1.743904052734375000e+03
3.160629150390625000e+03 1.286720458984375000e+03 3.145589111328125000e+03 1.235616699218750000e+03
3.166315429687500000e+03 1.460352661132812500e+03 3.144064941406250000e+03 1.432468505859375000e+03
3.167591552734375000e+03 1.453630493164062500e+03 3.146807617187500000e+03 1.424203613281250000e+03
3.167981201171875000e+03 1.447317504882812500e+03 3.146477294921875000e+03 1.417262207031250000e+03
3.170350097656250000e+03 1.414839355468750000e+03 3.152449218750000000e+03 1.379755737304687500e+03
3.170891845703125000e+03 1.176484497070312500e+03 3.160387451171875000e+03 1.111048217773437500e+03
3.173248779296875000e+03 1.426640380859375000e+03 3.156967529296875000e+03 1.395044921875000000e+03
3.175671142578125000e+03 1.341197753906250000e+03 3.167385009765625000e+03 1.286935668945312500e+03
3.176808837890625000e+03 1.901100341796875000e+03 3.002735595703125000e+03 1.922793579101562500e+03
3.180503906250000000e+03 1.454738281250000000e+03 3.161479248046875000e+03 1.426027832031250000e+03
3.180823486328125000e+03 1.360543701171875000e+03 3.164774902343750000e+03 1.319357421875000000e+03
3.181832519531250000e+03 2.411059082031250000e+03 2.543576660156250000e+03 2.467195312500000000e+03
3.182740478515625000e+03 1.458828491210937500e+03 3.164386230468750000e+03 1.430688354492187500e+03
3.184443359375000000e+03 1.224572998046875000e+03 3.171856201171875000e+03 1.167869262695312500e+03
3.184476318359375000e+03 9.794221191406250000e+02 3.257458007812500000e+03 9.341528320312500000e+02
3.184648437500000000e+03 1.440242553710937500e+03 3.167739257812500000e+03 1.409567260742187500e+03
3.184648437500000000e+03 1.440242553710937500e+03 3.167739257812500000e+03 1.409567260742187500e+03
3.187658203125000000e+03 1.202154541015625000e+03 3.177525878906250000e+03 1.137674194335937500e+03
3.189012939453125000e+03 1.453282836914062500e+03 3.171378417968750000e+03 1.424692504882812500e+03
3.189646972656250000e+03 1.460487426757812500e+03 3.172214355468750000e+03 1.432948974609375000e+03
3.196608886718750000e+03 2.039224121093750000e+03 3.242191650390625000e+03 2.077428466796875000e+03
3.201154785156250000e+03 1.195476318359375000e+03 3.193928955078125000e+03 1.132983520507812500e+03
3.201201660156250000e+03 1.584049194335937500e+03 2.408511718750000000e+03 1.637135620117187500e+03
3.202095703125000000e+03 1.450324707031250000e+03 3.185904296875000000e+03 1.422134887695312500e+03
3.204070800781250000e+03 1.219379638671875000e+03 3.193560302734375000e+03 1.159517089843750000e+03
3.213298339843750000e+03 2.430639892578125000e+03 2.566955322265625000e+03 2.490757324218750000e+03
3.214010009765625000e+03 2.394465576171875000e+03 2.578479492187500000e+03 2.460414062500000000e+03
3.217040039062500000e+03 1.859505493164062500e+03 3.041640136718750000e+03 1.874463134765625000e+03
3.219423828125000000e+03 1.459701049804687500e+03 3.206269287109375000e+03 1.433176147460937500e+03
3.228933593750000000e+03 1.446657226562500000e+03 3.217690185546875000e+03 1.417364135742187500e+03
3.231589843750000000e+03 1.286339843750000000e+03 3.224766845703125000e+03 1.233430053710937500e+03
3.231589843750000000e+03 1.286339843750000000e+03 3.224766845703125000e+03 1.233430053710937500e+03
3.233083007812500000e+03 1.259972778320312500e+03 3.227603759765625000e+03 1.207293457031250000e+03
3.244017333984375000e+03 2.400042236328125000e+03 2.608512939453125000e+03 2.460504394531250000e+03
3.245797363281250000e+03 1.269681884765625000e+03 3.241618652343750000e+03 1.214881591796875000e+03
3.253176269531250000e+03 1.521491088867187500e+03 2.488257568359375000e+03 1.599817626953125000e+03
3.253715332031250000e+03 1.364417358398437500e+03 3.247695312500000000e+03 1.324865234375000000e+03
3.253715332031250000e+03 1.364417358398437500e+03 3.247695312500000000e+03 1.324865234375000000e+03
3.258218750000000000e+03 2.286310791015625000e+03 3.975838867187500000e+03 2.519082519531250000e+03
3.260841308593750000e+03 2.220937500000000000e+03 3.585138916015625000e+03 2.048227294921875000e+03
3.260864257812500000e+03 1.189595458984375000e+03 3.257687988281250000e+03 1.125963745117187500e+03
3.263557128906250000e+03 1.786120605468750000e+03 3.114740478515625000e+03 1.798912475585937500e+03
3.268214599609375000e+03 1.253188476562500000e+03 3.265716796875000000e+03 1.198803955078125000e+03
3.272813476562500000e+03 1.473683105468750000e+03 3.266258544921875000e+03 1.438287841796875000e+03
3.273923339843750000e+03 1.217006591796875000e+03 3.278101074218750000e+03 1.158455322265625000e+03
3.279865722656250000e+03 1.389880615234375000e+03 3.276385986328125000e+03 1.353100585937500000e+03
3.301379394531250000e+03 1.519084594726562500e+03 3.297802490234375000e+03 1.492263793945312500e+03
3.316478759765625000e+03 1.726125732421875000e+03 3.501408203125000000e+03 1.540687744140625000e+03
3.322258056640625000e+03 2.106752441406250000e+03 2.690948974609375000e+03 2.123286132812500000e+03
3.322644287109375000e+03 2.143434570312500000e+03 2.689781738281250000e+03 2.163627685546875000e+03
3.326088134765625000e+03 2.127258300781250000e+03 2.694545898437500000e+03 2.148931152343750000e+03
3.328651367187500000e+03 2.262972167968750000e+03 2.701695800781250000e+03 2.300976074218750000e+03
3.329156738281250000e+03 6.059433593750000000e+02 7.616203002929687500e+02 1.589803222656250000e+03
3.329233398437500000e+03 2.178180175781250000e+03 2.702914062500000000e+03 2.206626953125000000e+03
3.330332031250000000e+03 2.131644287109375000e+03 2.699003417968750000e+03 2.152969482421875000e+03
3.332315429687500000e+03 2.388476562500000000e+03 2.719208740234375000e+03 2.471173339843750000e+03
3.334227294921875000e+03 2.121516357421875000e+03 2.706244628906250000e+03 2.140150390625000000e+03
3.334616943359375000e+03 2.128914306640625000e+03 2.703208007812500000e+03 2.149431884765625000e+03
3.338841064453125000e+03 1.744124511718750000e+03 3.751900146484375000e+03 1.990322021484375000e+03
3.340687500000000000e+03 2.113474365234375000e+03 2.712128417968750000e+03 2.132528808593750000e+03
3.345955566406250000e+03 2.116112304687500000e+03 2.718549804687500000e+03 2.135275390625000000e+03
3.346359619140625000e+03 1.516125976562500000e+03 3.954833007812500000e+03 5.660545043945312500e+02
3.346724365234375000e+03 1.515373413085937500e+03 3.954833007812500000e+03 5.660545043945312500e+02
3.353789550781250000e+03 2.134785400390625000e+03 2.725290771484375000e+03 2.157148437500000000e+03
3.354604980468750000e+03 2.101628417968750000e+03 2.522008300781250000e+03 3.924612731933593750e+02
3.357032958984375000e+03 2.234997802734375000e+03 2.733919189453125000e+03 2.264427734375000000e+03
3.389109619140625000e+03 1.560137939453125000e+03 2.969010253906250000e+03 1.934348754882812500e+03
3.396860107421875000e+03 1.766329589843750000e+03 4.169557495117187500e+02 1.393084716796875000e+03
3.399738525390625000e+03 1.555769287109375000e+03 1.826392822265625000e+03 1.744562866210937500e+03
3.455730224609375000e+03 1.771477294921875000e+03 2.608113037109375000e+03 1.713619262695312500e+03
3.470972656250000000e+03 8.434526977539062500e+02 3.478984069824218750e+02 3.734908752441406250e+02
3.489162597656250000e+03 1.027429931640625000e+03 3.475255371093750000e+03 9.426333618164062500e+02
3.554189208984375000e+03 1.564272705078125000e+03 2.967841308593750000e+03 1.898130004882812500e+03
3.569344726562500000e+03 1.604839111328125000e+03 3.086676757812500000e+03 1.684215087890625000e+03
3.572095458984375000e+03 1.761971923828125000e+03 3.782480468750000000e+03 1.607947143554687500e+03
3.572095458984375000e+03 1.761971923828125000e+03 3.782480468750000000e+03 1.607947143554687500e+03
3.574461181640625000e+03 1.763852416992187500e+03 3.500174072265625000e+03 1.531078002929687500e+03
3.574502929687500000e+03 9.000568847656250000e+02 3.972239746093750000e+03 8.502318725585937500e+02
3.611613037109375000e+03 1.809419555664062500e+03 2.765161865234375000e+03 2.356479248046875000e+03
3.618185791015625000e+03 1.630738037109375000e+03 3.405659667968750000e+03 1.619062255859375000e+03
3.632039306640625000e+03 1.791302978515625000e+03 3.633034912109375000e+03 1.607331298828125000e+03
3.638570800781250000e+03 1.629219360351562500e+03 3.430172119140625000e+03 1.616860473632812500e+03
3.642534423828125000e+03 1.645906860351562500e+03 3.433306152343750000e+03 1.635837646484375000e+03
3.650510009765625000e+03 1.631704833984375000e+03 3.441952880859375000e+03 1.620733398437500000e+03
3.666679931640625000e+03 1.630527343750000000e+03 3.461246093750000000e+03 1.618793212890625000e+03
3.678941894531250000e+03 1.635317138671875000e+03 3.474892333984375000e+03 1.624927612304687500e+03
3.679181396484375000e+03 1.627120727539062500e+03 3.475210937500000000e+03 1.615779541015625000e+03
3.683032714843750000e+03 1.639802734375000000e+03 3.479726074218750000e+03 1.630055419921875000e+03
3.688649658203125000e+03 1.644893676757812500e+03 3.486459472656250000e+03 1.635917602539062500e+03
3.694079833984375000e+03 2.030313232421875000e+03 3.559851806640625000e+03 2.091865234375000000e+03
3.700851806640625000e+03 1.997660888671875000e+03 3.512814697265625000e+03 1.757683227539062500e+03
3.711729980468750000e+03 1.626420654296875000e+03 3.512178710937500000e+03 1.614661132812500000e+03
3.723887695312500000e+03 2.000142089843750000e+03 1.411472415924072266e+01 4.380884094238281250e+02
3.724402343750000000e+03 1.725779296875000000e+03 1.102638549804687500e+03 1.829905151367187500e+03
3.728967529296875000e+03 1.634704589843750000e+03 3.531848876953125000e+03 1.625966308593750000e+03
3.740131835937500000e+03 1.574307006835937500e+03 3.562793701171875000e+03 1.556675659179687500e+03
3.747521972656250000e+03 2.029563232421875000e+03 3.569953125000000000e+03 2.072896240234375000e+03
3.759349853515625000e+03 1.794911132812500000e+03 3.230409423828125000e+03 1.185141601562500000e+03
3.764088867187500000e+03 9.280136108398437500e+02 2.120205322265625000e+03 1.679078491210937500e+03
3.768168457031250000e+03 1.851966186523437500e+03 2.144267333984375000e+03 3.690591125488281250e+02
3.811134521484375000e+03 9.979836425781250000e+02 3.859012451171875000e+03 1.713754516601562500e+03
3.828445068359375000e+03 2.660416992187500000e+03 2.814758789062500000e+03 2.423112060546875000e+03
3.838730468750000000e+03 1.788965820312500000e+03 3.751797607421875000e+03 1.607853759765625000e+03
3.840348144531250000e+03 1.803068359375000000e+03 3.782480468750000000e+03 1.607947143554687500e+03
3.853908935546875000e+03 1.855779907226562500e+03 3.766088134765625000e+03 1.879058959960937500e+03
3.871936523437500000e+03 7.705769653320312500e+02 3.804341552734375000e+03 6.478164672851562500e+02
3.872470458984375000e+03 1.799563476562500000e+03 3.785355712890625000e+03 1.818826904296875000e+03
3.876432128906250000e+03 1.568326538085937500e+03 1.706477050781250000e+03 1.559465576171875000e+03
3.879184326171875000e+03 1.957115478515625000e+03 3.787349365234375000e+03 1.990798339843750000e+03
3.918891113281250000e+03 1.505985961914062500e+03 3.993923339843750000e+03 1.497742431640625000e+03
3.937498779296875000e+03 1.744083251953125000e+03 2.486533691406250000e+03 1.816602294921875000e+03
3.979971191406250000e+03 8.457396850585937500e+02 3.953308105468750000e+03 7.398988037109375000e+02
4.004052978515625000e+03 1.559511962890625000e+03 2.631618652343750000e+03 1.618854736328125000e+03
4.017843505859375000e+03 1.861875610351562500e+03 2.651160888671875000e+03 2.349911865234375000e+03
