4.904229342937469482e-01
5.487751364707946777e-01
5.775460600852966309e-01
6.230858564376831055e-01
5.264207124710083008e-01
3.052206635475158691e-01
4.043030142784118652e-01
3.345075249671936035e-01
6.453410387039184570e-01
5.458098649978637695e-01
7.168984413146972656e-01
7.747364640235900879e-01
5.155971646308898926e-01
1.150666832923889160e+00
9.596908688545227051e-01
1.943937540054321289e-01
2.873398959636688232e-01
2.896547615528106689e-01
1.342064887285232544e-01
2.189019620418548584e-01
3.969032168388366699e-01
2.864086627960205078e-01
2.610341012477874756e-01
3.172032237052917480e-01
1.937586516141891479e-01
