2.978340983390808105e-01
3.210037052631378174e-01
2.264177650213241577e-01
3.813259005546569824e-01
2.258674651384353638e-01
4.709324538707733154e-01
5.212590098381042480e-01
3.490588665008544922e-01
2.864903509616851807e-01
3.260396122932434082e-01
2.590835094451904297e-01
3.297519981861114502e-01
2.397792637348175049e-01
2.503800094127655029e-01
3.316065967082977295e-01
1.676036119461059570e-01
2.002792656421661377e-01
2.636816501617431641e-01
2.259773164987564087e-01
2.003574669361114502e-01
2.577168643474578857e-01
3.322432041168212891e-01
4.787466228008270264e-01
4.158349335193634033e-01
2.509105503559112549e-01
